00000000101000100011110100000001
00000000101000100110110100000010
00000000101000101001110100000100
00000000101000101100110100000000
00000000101000101111110100000011
00000000101000110010110100000000
00000000101000110101110100000001
10000100000000000000001001111111
01000000000010010001110101011111
00000000000000000111101001001011
00000000101000001000101101100001
00000000101000001011101101011000
00000000101000001110101101011000
00000000101000010001101101010100
00000000101000010100101101010011
00000000101000010111101101010100
00000000101000011010101101010100
00000000101000011101101101010101
00000000101000100000101101011000
00000000101000100011101101011001
00000000101000100110101101011000
00000000101000101001101101011000
00000000101000101100101101011011
00000000101000101111101101011010
00000000101000110010101101010111
00000000101000110101101101011001
10000100000000000000001001111111
01000000000010010001110101111111
00000000000000000111110010010110
00000000101000001000110110101001
00000000101000001011110110100001
00000000101000001110110110100000
00000000101000010001110110011111
00000000101000010100110110011111
00000000101000010111110110011100
00000000101000011010110110011011
00000000101000011101110110011101
00000000101000100000110110011011
00000000101000100011110110011101
00000000101000100110110110011001
00000000101000101001110110011100
00000000101000101100110110011111
00000000101000101111110110100001
00000000101000110010110110011111
00000000101000110101110110100001
10000100000000000000001001111111
01000000000010010001110110011111
00000000000000000111101011100010
00000000101000001000101111110011
00000000101000001011101111101101
00000000000000000000000010000001
00000000101000001110101111101001
00000000101000010001101111101011
00000000101000010100101111110011
00000000101000010111101111110001
00000000101000011010101111101101
00000000101000011101101111110000
00000000101000100000101111101101
00000000101000100011101111110000
00000000101000100110101111110001
00000000101000101001101111110000
00000000101000101100101111110000
00000000101000101111101111101111
00000000101000110010101111110011
00000000101000110101101111110011
10000100000000000000001001111111
01000000000010010001110110111111
00000000000000000111110100110000
00000000101000001000111000111001
00000000101000001011111000110101
00000000101000001110111000110111
00000000101000010001111000110110
00000000101000010100111000110111
00000000101000010111111000110111
00000000101000011010111000111011
00000000101000011101111000111001
00000000101000100000111000110100
00000000101000100011111000110111
00000000101000100110111000110101
00000000101000101001111000110101
00000000101000101100111000111000
00000000101000101111111000110101
00000000101000110010111000110100
00000000101000110101111000111000
10000100000000000000001001111111
01000000000010010001110111011111
00000000000000000111101110000101
00000000101000001000110010000000
00000000101000001011110001111001
00000000101000001110110001111010
00000000101000010001110001111011
00000000101000010100110001111101
00000000101000010111110001111011
00000000101000011010110001111011
00000000101000011101110001111011
00000000101000100000110001111100
00000000101000100011110001111110
00000000101000100110110001111100
00000000101000101001110001111011
00000000101000101100110001111011
00000000101000101111110001111011
00000000101000110010110001110111
00000000101000110101110001110110
10000100000000000000001001111111
01000000000010010001110111111111
00000000000000000111100111001101
00000000101000001000101011010111
00000000101000001011101011001111
00000000101000001110101011001111
00000000101000010001101011010001
00000000101000010100101011010001
00000000101000010111101011001110
00000000101000011010101011001101
00000000101000011101101011001011
00000000101000100000101011001101
00000000000000000000000010000001
00000000101000100011101011010000
00000000101000100110101011010011
00000000101000101001101011010011
00000000101000101100101011010010
00000000101000101111101011010001
00000000101000110010101011001101
00000000101000110101101011001100
10000100000000000000001001111111
01000000000010010001111000011111
00000000000000000111110000001110
00000000101000001000110100011000
00000000101000001011110100010001
00000000101000001110110100001111
00000000101000010001110100010001
00000000101000010100110100010000
00000000101000010111110100001111
00000000101000011010110100001111
00000000101000011101110100001101
00000000101000100000110100001101
00000000101000100011110100010011
00000000101000100110110100010001
00000000101000101001110100010101
00000000101000101100110100010101
00000000101000101111110100011000
00000000101000110010110100011000
00000000101000110101110100010111
10000100000000000000001001111111
01000000000010010001111000111111
00000000000000000111101001100000
00000000101000001000101101110101
00000000101000001011101101101111
00000000101000001110101101101111
00000000101000010001101101101111
00000000101000010100101101101101
00000000101000010111101101100111
00000000101000011010101101101100
00000000101000011101101101101101
00000000101000100000101101101000
00000000101000100011101101101011
00000000101000100110101101101100
00000000101000101001101101110000
00000000101000101100101101101101
00000000101000101111101101101011
00000000101000110010101101101011
00000000101000110101101101101001
10000100000000000000001001111111
01000000000010010001111001011111
00000000000000000111110010101000
00000000101000001000110110110111
00000000101000001011110110101110
00000000101000001110110110101100
00000000101000010001110110101111
00000000101000010100110110101011
00000000101000010111110110101011
00000000101000011010110110101011
00000000101000011101110110101100
00000000101000100000110110101101
00000000101000100011110110110111
00000000101000100110110110110000
00000000101000101001110110101101
00000000101000101100110110101101
00000000101000101111110110101101
00000000101000110010110110101001
00000000101000110101110110101001
00000000000000000000000010000001
10000100000000000000001001111111
01000000000010010001111001111111
00000000000000000111101011110100
00000000101000001000101111111111
00000000101000001011101111111100
00000000101000001110101111111011
00000000101000010001101111111101
00000000101000010100110000000000
00000000101000010111101111111111
00000000101000011010101111111011
00000000101000011101101111111100
00000000101000100000101111111011
00000000101000100011101111111100
00000000101000100110101111111101
00000000101000101001101111111011
00000000101000101100101111111001
00000000101000101111101111111001
00000000101000110010101111111001
00000000101000110101101111111000
10000100000000000000001001111111
01000000000010010001111010011111
00000000000000000111110101000000
00000000101000001000111001001111
00000000101000001011111001000111
00000000101000001110111001001000
00000000101000010001111001000111
00000000101000010100111001001001
00000000101000010111111001000111
00000000101000011010111001000111
00000000101000011101111001000111
00000000101000100000111001000101
00000000101000100011111001000101
00000000101000100110111001000011
00000000101000101001111001000010
00000000101000101100111001000001
00000000101000101111111000111111
00000000101000110010111000111101
00000000101000110101111001000001
10000100000000000000001001111111
01000000000010010001111010111111
00000000000000000111101110010100
00000000101000001000110010001100
00000000101000001011110010000101
00000000101000001110110010000101
00000000101000010001110010000110
00000000101000010100110010000101
00000000101000010111110010001001
00000000101000011010110010000111
00000000101000011101110010000010
00000000101000100000110010000100
00000000101000100011110010000101
00000000101000100110110010000011
00000000101000101001110010001000
00000000101000101100110010001001
00000000101000101111110010001011
00000000101000110010110010001111
00000000101000110101110010001101
10000100000000000000001001111111
01000000000010010001111011011111
00000000000000000111100111011011
00000000101000001000101011100011
00000000101000001011101011011101
00000000101000001110101011100001
00000000101000010001101011011111
00000000000000000000000010000001
00000000101000010100101011011111
00000000101000010111101011011100
00000000101000011010101011011111
00000000101000011101101011100001
00000000101000100000101011011011
00000000101000100011101011011001
00000000101000100110101011011001
00000000101000101001101011010101
00000000101000101100101011010100
00000000101000101111101011011001
00000000101000110010101011011010
00000000101000110101101011011001
10000100000000000000001001111111
01000000000010010001111011111111
00000000000000000111110000101000
00000000101000001000110100110010
00000000101000001011110100100111
00000000101000001110110100100110
00000000101000010001110100101001
00000000101000010100110100100111
00000000101000010111110100101000
00000000101000011010110100101001
00000000101000011101110100100111
00000000101000100000110100100111
00000000101000100011110100100111
00000000101000100110110100100111
00000000101000101001110100100101
00000000101000101100110100100100
00000000101000101111110100100111
00000000101000110010110100100111
00000000101000110101110100100011
10000100000000000000001001111111
01000000000010010001111100011111
00000000000000000111101001101101
00000000101000001000101110000100
00000000101000001011101101111101
00000000101000001110101110000011
00000000101000010001101101111011
00000000101000010100101101111011
00000000101000010111101101111100
00000000101000011010101101111101
00000000101000011101101101110111
00000000101000100000101101110111
00000000101000100011101101110100
00000000101000100110101101111001
00000000101000101001101101111101
00000000101000101100101101111001
00000000101000101111101101111000
00000000101000110010101101111011
00000000101000110101101101111011
10000100000000000000001001111111
01000000000010010001111100111111
00000000000000000111110010110100
00000000101000001000110111000111
00000000101000001011110110111100
00000000101000001110110110111110
00000000101000010001110111000000
00000000101000010100110110111101
00000000101000010111110111000000
00000000101000011010110110111101
00000000101000011101110110111100
00000000101000100000110110111100
00000000101000100011110111000000
00000000101000100110110110111101
00000000000000000000000010000001
00000000101000101001110110111111
00000000101000101100110111000001
00000000101000101111110110111011
00000000101000110010110111000000
00000000101000110101110110111101
10000100000000000000001001111111
01000000000010010001111101011111
00000000000000000111101100000011
00000000101000001000110000001111
00000000101000001011110000001000
00000000101000001110110000001000
00000000101000010001110000000111
00000000101000010100110000000111
00000000101000010111110000000111
00000000101000011010110000000111
00000000101000011101110000001000
00000000101000100000110000001000
00000000101000100011110000001001
00000000101000100110110000001000
00000000101000101001110000000111
00000000101000101100110000000111
00000000101000101111110000000111
00000000101000110010110000001001
00000000101000110101110000000111
10000100000000000000001001111111
01000000000010010001111101111111
00000000000000000111110101001101
00000000101000001000111001010111
00000000101000001011111001011001
00000000101000001110111001011100
00000000101000010001111001011101
00000000101000010100111001011100
00000000101000010111111001011001
00000000101000011010111001011101
00000000101000011101111001011001
00000000101000100000111001011010
00000000101000100011111001010100
00000000101000100110111001010011
00000000101000101001111001010011
00000000101000101100111001010100
00000000101000101111111001010011
00000000101000110010111001010100
00000000101000110101111001010011
10000100000000000000001001111111
01000000000010010001111110011111
00000000000000000111101110100000
00000000101000001000110010100000
00000000101000001011110010011101
00000000101000001110110010011100
00000000101000010001110010011001
00000000101000010100110010010101
00000000101000010111110010010100
00000000101000011010110010010101
00000000101000011101110010010100
00000000101000100000110010011000
00000000101000100011110010010111
00000000101000100110110010010001
00000000101000101001110010010000
00000000101000101100110010010000
00000000101000101111110010001111
00000000101000110010110010010011
00000000101000110101110010010111
10000100000000000000001001111111
01000000000010010001111110111111
00000000000000000000000010000001
00000000000000000111100111101101
00000000101000001000101011110101
00000000101000001011101011101111
00000000101000001110101011101111
00000000101000010001101011101100
00000000101000010100101011101100
00000000101000010111101011101100
00000000101000011010101011101000
00000000101000011101101011101010
00000000101000100000101011101110
00000000101000100011101011110001
00000000101000100110101011101101
00000000101000101001101011101001
00000000101000101100101011101000
00000000101000101111101011100101
00000000101000110010101011101001
00000000101000110101101011101000
10000100000000000000001001111111
01000000000010010001111111011111
00000000000000000111110000101100
00000000101000001000110100111011
00000000101000001011110100101111
00000000101000001110110100101100
00000000101000010001110100101011
00000000101000010100110100101011
00000000101000010111110100110001
00000000101000011010110100110111
00000000101000011101110100111000
00000000101000100000110100110111
00000000101000100011110100111101
00000000101000100110110100111001
00000000101000101001110100111000
00000000101000101100110100110111
00000000101000101111110100111000
00000000101000110010110100111001
00000000101000110101110100111000
10000100000000000000001001111111
01000000000010010001111111111111
00000000000000000111101010000000
00000000101000001000101110010001
00000000101000001011101110001001
00000000101000001110101110001011
00000000101000010001101110001101
00000000101000010100101110001100
00000000101000010111101110001011
00000000101000011010101110001001
00000000101000011101101110001000
00000000101000100000101110001011
00000000101000100011101110001000
00000000101000100110101110001001
00000000101000101001101110001101
00000000101000101100101110001011
00000000101000101111101110001001
00000000101000110010101110001000
00000000101000110101101110000100
10000100000000000000001001111111
01000000000010010010000000011111
00000000000000000111110011001000
00000000101000001000110111010101
00000000101000001011110111001011
00000000101000001110110111001010
00000000101000010001110111001001
00000000101000010100110111001000
00000000101000010111110111001001
00000000000000000000000010000001
00000000101000011010110111001111
00000000101000011101110111001100
00000000101000100000110111001001
00000000101000100011110111001100
00000000101000100110110111001101
00000000101000101001110111001111
00000000101000101100110111001101
00000000101000101111110111001111
00000000101000110010110111010001
00000000101000110101110111010000
10000100000000000000001001111111
01000000000010010010000000111111
00000000000000000111101100011000
00000000101000001000110000011111
00000000101000001011110000011000
00000000101000001110110000010111
00000000101000010001110000011011
00000000101000010100110000011011
00000000101000010111110000011000
00000000101000011010110000010101
00000000101000011101110000010100
00000000101000100000110000010000
00000000101000100011110000010011
00000000101000100110110000010100
00000000101000101001110000010111
00000000101000101100110000010010
00000000101000101111110000010011
00000000101000110010110000010011
00000000101000110101110000010011
10000100000000000000001001111111
01000000000010010010000001011111
00000000000000000111110101011100
00000000101000001000111001100111
00000000101000001011111001011111
00000000101000001110111001100011
00000000101000010001111001100010
00000000101000010100111001100100
00000000101000010111111001100101
00000000101000011010111001100011
00000000101000011101111001100011
00000000101000100000111001100011
00000000101000100011111001101000
00000000101000100110111001100100
00000000101000101001111001100011
00000000101000101100111001100101
00000000101000101111111001100111
00000000101000110010111001100100
00000000101000110101111001100010
10000100000000000000001001111111
01000000000010010010000001111111
00000000000000000111101110110110
00000000101000001000110010111001
00000000101000001011110010101100
00000000101000001110110010101001
00000000101000010001110010100111
00000000101000010100110010100101
00000000101000010111110010100100
00000000101000011010110010100101
00000000101000011101110010100101
00000000101000100000110010100101
00000000101000100011110010100100
00000000101000100110110010101000
00000000101000101001110010101000
00000000101000101100110010100111
00000000000000000000000010000001
00000000101000101111110010101001
00000000101000110010110010100110
00000000101000110101110010101001
10000100000000000000001001111111
01000000000010010010000010011111
00000000000000000111100111111100
00000000101000001000101100000011
00000000101000001011101011111011
00000000101000001110101011111111
00000000101000010001101011111011
00000000101000010100101011111011
00000000101000010111101011111100
00000000101000011010101011111101
00000000101000011101101011111101
00000000101000100000101011111011
00000000101000100011101011111101
00000000101000100110101011111101
00000000101000101001101011111001
00000000101000101100101011111001
00000000101000101111101011111001
00000000101000110010101011111100
00000000101000110101101011110101
10000100000000000000001001111111
01000000000010010010000010111111
00000000000000000111110001000010
00000000101000001000110101010001
00000000101000001011110101001001
00000000101000001110110101001101
00000000101000010001110101001010
00000000101000010100110101000111
00000000101000010111110101000101
00000000101000011010110101000111
00000000101000011101110101000001
00000000101000100000110101000001
00000000101000100011110101000001
00000000101000100110110101000001
00000000101000101001110101000100
00000000101000101100110101000001
00000000101000101111110101000101
00000000101000110010110101001001
00000000101000110101110101001000
10000100000000000000001001111111
01000000000010010010000011011111
00000000000000000111101010001100
00000000101000001000101110100000
00000000101000001011101110010101
00000000101000001110101110010111
00000000101000010001101110011011
00000000101000010100101110011111
00000000101000010111101110100000
00000000101000011010101110100001
00000000101000011101101110011101
00000000101000100000101110011010
00000000101000100011101110010101
00000000101000100110101110010101
00000000101000101001101110011000
00000000101000101100101110011000
00000000101000101111101110010101
00000000101000110010101110011000
00000000101000110101101110010111
10000100000000000000001001111111
01000000000010010010000011111111
00000000000000000111110011011110
00000000101000001000110111101001
00000000000000000000000010000001
00000000101000001011110111100000
00000000101000001110110111011101
00000000101000010001110111011111
00000000101000010100110111011111
00000000101000010111110111011101
00000000101000011010110111011111
00000000101000011101110111011101
00000000101000100000110111011101
00000000101000100011110111011101
00000000101000100110110111011011
00000000101000101001110111011100
00000000101000101100110111011101
00000000101000101111110111011111
00000000101000110010110111100000
00000000101000110101110111100101
10000100000000000000001001111111
01000000000010010010000100011111
00000000000000000111101100101011
00000000101000001000110000101101
00000000101000001011110000100101
00000000101000001110110000100011
00000000101000010001110000011111
00000000101000010100110000011111
00000000101000010111110000100001
00000000101000011010110000100000
00000000101000011101110000100001
00000000101000100000110000100011
00000000101000100011110000100100
00000000101000100110110000101001
00000000101000101001110000100101
00000000101000101100110000100111
00000000101000101111110000101001
00000000101000110010110000100111
00000000101000110101110000100101
10000100000000000000001001111111
01000000000010010010000100111111
00000000000000000111110101110001
00000000101000001000111001111101
00000000101000001011111001110101
00000000101000001110111001111000
00000000101000010001111001110111
00000000101000010100111001110101
00000000101000010111111001110111
00000000101000011010111001110100
00000000101000011101111001110001
00000000101000100000111001110000
00000000101000100011111001110100
00000000101000100110111001110001
00000000101000101001111001110100
00000000101000101100111001110000
00000000101000101111111001101111
00000000101000110010111001101111
00000000101000110101111001101010
10000100000000000000001001111111
01000000000010010010000101011111
00000000000000000111101110111111
00000000101000001000110010111111
00000000101000001011110010111000
00000000101000001110110010111001
00000000101000010001110010111001
00000000101000010100110010110111
00000000101000010111110010110110
00000000101000011010110010110100
00000000101000011101110010110111
00000000000000000000000010000001
00000000101000100000110010110101
00000000101000100011110010110111
00000000101000100110110010110111
00000000101000101001110010111000
00000000101000101100110010110101
00000000101000101111110010110101
00000000101000110010110010111011
00000000101000110101110010111001
10000100000000000000001001111111
01000000000010010010000101111111
00000000000000000111101000001100
00000000101000001000101100010101
00000000101000001011101100001101
00000000101000001110101100010001
00000000101000010001101100010011
00000000101000010100101100001011
00000000101000010111101100001001
00000000101000011010101100001000
00000000101000011101101100001011
00000000101000100000101100001100
00000000101000100011101100010000
00000000101000100110101100001101
00000000101000101001101100001011
00000000101000101100101100001101
00000000101000101111101100001001
00000000101000110010101100001001
00000000101000110101101100001001
10000100000000000000001001111111
01000000000010010010000110011111
00000000000000000111110001001100
00000000101000001000110101100000
00000000101000001011110101010111
00000000101000001110110101010101
00000000101000010001110101010011
00000000101000010100110101010100
00000000101000010111110101010000
00000000101000011010110101010000
00000000101000011101110101010000
00000000101000100000110101010001
00000000101000100011110101010011
00000000101000100110110101010101
00000000101000101001110101011100
00000000101000101100110101011100
00000000101000101111110101010111
00000000101000110010110101010011
00000000101000110101110101010101
10000100000000000000001001111111
01000000000010010010000110111111
00000000000000000111101010011100
00000000101000001000101110110011
00000000101000001011101110101110
00000000101000001110101110101100
00000000101000010001101110101001
00000000101000010100101110101111
00000000101000010111101110110000
00000000101000011010101110101101
00000000101000011101101110101100
00000000101000100000101110100111
00000000101000100011101110101001
00000000101000100110101110101011
00000000101000101001101110101011
00000000101000101100101110101100
00000000101000101111101110101101
00000000101000110010101110110000
00000000000000000000000010000001
00000000101000110101101110101101
10000100000000000000001001111111
01000000000010010010000111011111
00000000000000000111110011101011
00000000101000001000110111111011
00000000101000001011110111110011
00000000101000001110110111110000
00000000101000010001110111101011
00000000101000010100110111101011
00000000101000010111110111101001
00000000101000011010110111100111
00000000101000011101110111100111
00000000101000100000110111100110
00000000101000100011110111101001
00000000101000100110110111101000
00000000101000101001110111101001
00000000101000101100110111101101
00000000101000101111110111101011
00000000101000110010110111101111
00000000101000110101110111110000
10000100000000000000001001111111
01000000000010010010000111111111
00000000000000000111101100111000
00000000101000001000110000111101
00000000101000001011110000110110
00000000101000001110110000110100
00000000101000010001110000110001
00000000101000010100110000110000
00000000101000010111110000110001
00000000101000011010110000110000
00000000101000011101110000110000
00000000101000100000110000110001
00000000101000100011110000110100
00000000101000100110110000110011
00000000101000101001110000111001
00000000101000101100110000111101
00000000101000101111110000111011
00000000101000110010110000110111
00000000101000110101110000111001
10000100000000000000001001111111
01000000000010010010001000011111
00000000000000000111110110000100
00000000101000001000111010001011
00000000101000001011111010000001
00000000101000001110111010000001
00000000101000010001111010000101
00000000101000010100111010000011
00000000101000010111111010000111
00000000101000011010111010000101
00000000101000011101111010000001
00000000101000100000111010000001
00000000101000100011111010000100
00000000101000100110111010000100
00000000101000101001111010000111
00000000101000101100111010000100
00000000101000101111111010000101
00000000101000110010111010000011
00000000101000110101111001111110
10000100000000000000001001111111
01000000000010010010001000111111
00000000000000000111101111010111
00000000101000001000110011011000
00000000101000001011110011010100
00000000101000001110110011010100
00000000000000000000000010000001
00000000101000010001110011010000
00000000101000010100110011001100
00000000101000010111110011001001
00000000101000011010110011001000
00000000101000011101110011001011
00000000101000100000110011001000
00000000101000100011110011001010
00000000101000100110110011001001
00000000101000101001110011001100
00000000101000101100110011001011
00000000101000101111110011001001
00000000101000110010110011000111
00000000101000110101110011001001
10000100000000000000001001111111
01000000000010010010001001011111
00000000000000000111101000011001
00000000101000001000101100101011
00000000101000001011101100011111
00000000101000001110101100100100
00000000101000010001101100100101
00000000101000010100101100100001
00000000101000010111101100100001
00000000101000011010101100100000
00000000101000011101101100011100
00000000101000100000101100011100
00000000101000100011101100011101
00000000101000100110101100011100
00000000101000101001101100011111
00000000101000101100101100011011
00000000101000101111101100011101
00000000101000110010101100011100
00000000101000110101101100011001
10000100000000000000001001111111
01000000000010010010001001111111
00000000000000000111110001011110
00000000101000001000110101110000
00000000101000001011110101100101
00000000101000001110110101100111
00000000101000010001110101101001
00000000101000010100110101101000
00000000101000010111110101101000
00000000101000011010110101100101
00000000101000011101110101100100
00000000101000100000110101100111
00000000101000100011110101100111
00000000101000100110110101101001
00000000101000101001110101100111
00000000101000101100110101100011
00000000101000101111110101100010
00000000101000110010110101100001
00000000101000110101110101100100
10000100000000000000001001111111
01000000000010010010001010011111
00000000000000000111101010101110
00000000101000001000101111000011
00000000101000001011101110111011
00000000101000001110101110111101
00000000101000010001101110111101
00000000101000010100101110111101
00000000101000010111101110111100
00000000101000011010101110111011
00000000101000011101101110111011
00000000101000100000101110111101
00000000101000100011101110111100
00000000000000000000000001011101
00000000101000100110101110111001
00000000101000101001101110110111
00000000101000101100101110111000
00000000101000101111101110111011
00000000101000110010101110111100
00000000101000110101101110111011
10000100000000000000001001111111
01000000000010010010001010111111
00000000000000000111110011111101
00000000101000001000111000000111
00000000101000001011110111111101
00000000101000001110110111111101
00000000101000010001110111111101
00000000101000010100110111111001
00000000101000010111110111110111
00000000101000011010110111111000
00000000101000011101110111111001
00000000101000100000110111111101
00000000101000100011110111111101
00000000101000100110110111111111
00000000101000101001110111111101
00000000101000101100110111111111
00000000101000101111110111111100
00000000101000110010110111111100
00000000101000110101110111111001
10000100000000000000001001111111
01000000000010010010001011011111
00000000000000000111101101001000
00000000101000001000110001001100
00000000101000001011110001000111
00000000101000001110110001000111
00000000101000010001110001001011
00000000101000010100110001000101
00000000101000010111110001000001
00000000101000011010110001000001
00000000101000011101110001000100
00000000101000100000110001000011
00000000101000100011110001001000
00000000101000100110110001000100
00000000101000101001110001000001
00000000101000101100110000111111
00000000101000101111110000111111
00000000101000110010110001000001
00000000101000110101110000111101
10000100000000000000001001111111
11111111111111111111111111111111
00000000000000000000000010000001
01000000000010010010001011111111
00000000000000000111110110010110
00000000101000001000111010100001
00000000101000001011111010011000
00000000101000001110111010010111
00000000101000010001111010010101
00000000101000010100111010010111
00000000101000010111111010010111
00000000101000011010111010010001
00000000101000011101111010010011
00000000101000100000111010010100
00000000101000100011111010010101
00000000101000100110111010010100
00000000101000101001111010010001
00000000101000101100111010001111
00000000101000101111111010010000
00000000101000110010111010010011
00000000101000110101111010010100
10000100000000000000001001111111
01000000000010010010001100011111
00000000000000000111101111011111
00000000101000001000110011011111
00000000101000001011110011010100
00000000101000001110110011010111
00000000101000010001110011011001
00000000101000010100110011011000
00000000101000010111110011011011
00000000101000011010110011100000
00000000101000011101110011011101
00000000101000100000110011011111
00000000101000100011110011011001
00000000101000100110110011011001
00000000101000101001110011010111
00000000101000101100110011011001
00000000101000101111110011011111
00000000101000110010110011100000
00000000101000110101110011011100
10000100000000000000001001111111
01000000000010010010001100111111
00000000000000000111101000101001
00000000101000001000101100111100
00000000101000001011101100110000
00000000101000001110101100101101
00000000101000010001101100100111
00000000101000010100101100100101
00000000101000010111101100101000
00000000101000011010101100101101
00000000101000011101101100101101
00000000101000100000101100101010
00000000101000100011101100100111
00000000101000100110101100100011
00000000101000101001101100101001
00000000101000101100101100101001
00000000101000101111101100101100
00000000101000110010101100110000
00000000101000110101101100101101
10000100000000000000001001111111
01000000000010010010001101011111
00000000000000000111110001110000
00000000101000001000110110000000
00000000101000001011110101111000
00000000101000001110110101110101
00000000101000010001110101110111
00000000101000010100110101110101
00000000000000000000000010000001
00000000101000010111110101110011
00000000101000011010110101110001
00000000101000011101110101110100
00000000101000100000110101110101
00000000101000100011110101111000
00000000101000100110110101111001
00000000101000101001110101110110
00000000101000101100110101110100
00000000101000101111110101110001
00000000101000110010110101110011
00000000101000110101110101110001
10000100000000000000001001111111
01000000000010010010001101111111
00000000000000000111101010111101
00000000101000001000101111001110
00000000101000001011101111000001
00000000101000001110101111000101
00000000101000010001101111000111
00000000101000010100101111000100
00000000101000010111101111001001
00000000101000011010101111001001
00000000101000011101101111001101
00000000101000100000101111001010
00000000101000100011101111001100
00000000101000100110101111001011
00000000101000101001101111001100
00000000101000101100101111000111
00000000101000101111101111000100
00000000101000110010101111000011
00000000101000110101101111000011
10000100000000000000001001111111
01000000000010010010001110011111
00000000000000000111110100001000
00000000101000001000111000010101
00000000101000001011111000010001
00000000101000001110111000010000
00000000101000010001111000010001
00000000101000010100111000001101
00000000101000010111111000010000
00000000101000011010111000001111
00000000101000011101111000010000
00000000101000100000111000001111
00000000101000100011111000010000
00000000101000100110111000001101
00000000101000101001111000001101
00000000101000101100111000000111
00000000101000101111111000001000
00000000101000110010111000001011
00000000101000110101111000001101
10000100000000000000001001111111
01000000000010010010001110111111
00000000000000000111101101011000
00000000101000001000110001011100
00000000101000001011110001010100
00000000101000001110110001010000
00000000101000010001110001001111
00000000101000010100110001001100
00000000101000010111110001001101
00000000101000011010110001001101
00000000101000011101110001001111
00000000101000100000110001010001
00000000101000100011110001010101
00000000101000100110110001010111
00000000101000101001110001011000
00000000000000000000000010000001
00000000101000101100110001010100
00000000101000101111110001010001
00000000101000110010110001010001
00000000101000110101110001010000
10000100000000000000001001111111
01000000000010010010001111011111
00000000000000000111100110100001
00000000101000001000101010101011
00000000101000001011101010100100
00000000101000001110101010100000
00000000101000010001101010100011
00000000101000010100101010100011
00000000101000010111101010100011
00000000101000011010101010100011
00000000101000011101101010100001
00000000101000100000101010100001
00000000101000100011101010100000
00000000101000100110101010100000
00000000101000101001101010011011
00000000101000101100101010011011
00000000101000101111101010011101
00000000101000110010101010100010
00000000101000110101101010100000
10000100000000000000001001111111
01000000000010010010001111111111
00000000000000000111101111110100
00000000101000001000110011110111
00000000101000001011110011101100
00000000101000001110110011101011
00000000101000010001110011101100
00000000101000010100110011101100
00000000101000010111110011101100
00000000101000011010110011101000
00000000101000011101110011101001
00000000101000100000110011101001
00000000101000100011110011101100
00000000101000100110110011101101
00000000101000101001110011101111
00000000101000101100110011101101
00000000101000101111110011101001
00000000101000110010110011101101
00000000101000110101110011110001
10000100000000000000001001111111
01000000000010010010010000011111
00000000000000000111101000110001
00000000101000001000101101000100
00000000101000001011101100111000
00000000101000001110101100111000
00000000101000010001101100111101
00000000101000010100101100111100
00000000101000010111101101000001
00000000101000011010101101000100
00000000101000011101101101000011
00000000101000100000101100111111
00000000101000100011101100111111
00000000101000100110101100111100
00000000101000101001101100111000
00000000101000101100101100111101
00000000101000101111101100111101
00000000101000110010101100111001
00000000101000110101101100111101
10000100000000000000001001111111
01000000000010010010010000111111
00000000000000000111110010000010
00000000000000000000000010000001
00000000101000001000110110001101
00000000101000001011110110000111
00000000101000001110110110000100
00000000101000010001110110000001
00000000101000010100110110000011
00000000101000010111110110000100
00000000101000011010110110000100
00000000101000011101110110000011
00000000101000100000110110000111
00000000101000100011110110000111
00000000101000100110110110000011
00000000101000101001110110000101
00000000101000101100110110000101
00000000101000101111110110000111
00000000101000110010110110000111
00000000101000110101110110000100
10000100000000000000001001111111
01000000000010010010010001011111
00000000000000000111101011001111
00000000101000001000101111011111
00000000101000001011101111010111
00000000101000001110101111010001
00000000101000010001101111010001
00000000101000010100101111010011
00000000101000010111101111010101
00000000101000011010101111010111
00000000101000011101101111011011
00000000101000100000101111011111
00000000101000100011101111011101
00000000101000100110101111011011
00000000101000101001101111011001
00000000101000101100101111011000
00000000101000101111101111011001
00000000101000110010101111010101
00000000101000110101101111010011
10000100000000000000001001111111
01000000000010010010010001111111
00000000000000000111110100011001
00000000101000001000111000100100
00000000101000001011111000011001
00000000101000001110111000011101
00000000101000010001111000011111
00000000101000010100111000011100
00000000101000010111111000011100
00000000101000011010111000011011
00000000101000011101111000100000
00000000101000100000111000011101
00000000101000100011111000011111
00000000101000100110111000011111
00000000101000101001111000011111
00000000101000101100111000011111
00000000101000101111111000011100
00000000101000110010111000011101
00000000101000110101111000011000
10000100000000000000001001111111
01000000000010010010010010011111
00000000000000000111101101101111
00000000101000001000110001101000
00000000101000001011110001100010
00000000101000001110110001011111
00000000101000010001110001100001
00000000101000010100110001100011
00000000101000010111110001011111
00000000101000011010110001011111
00000000000000000000000010000001
00000000101000011101110001100001
00000000101000100000110001100011
00000000101000100011110001101000
00000000101000100110110001100101
00000000101000101001110001100101
00000000101000101100110001011110
00000000101000101111110001011011
00000000101000110010110001011001
00000000101000110101110001011011
10000100000000000000001001111111
01000000000010010010010010111111
00000000000000000111100110101110
00000000101000001000101010111000
00000000101000001011101010110001
00000000101000001110101010110001
00000000101000010001101010101110
00000000101000010100101010110001
00000000101000010111101010110000
00000000101000011010101010101110
00000000101000011101101010101111
00000000101000100000101010110100
00000000101000100011101010111000
00000000101000100110101010110100
00000000101000101001101010110100
00000000101000101100101010110101
00000000101000101111101010110100
00000000101000110010101010110000
00000000101000110101101010110000
10000100000000000000001001111111
01000000000010010010010011011111
00000000000000000111101111111101
00000000101000001000110100000011
00000000101000001011110011111001
00000000101000001110110011111011
00000000101000010001110011111000
00000000101000010100110011110111
00000000101000010111110011111100
00000000101000011010110011111011
00000000101000011101110011111011
00000000101000100000110011111101
00000000101000100011110011111101
00000000101000100110110100000001
00000000101000101001110011111100
00000000101000101100110011111101
00000000101000101111110011111101
00000000101000110010110011111011
00000000101000110101110011111000
10000100000000000000001001111111
01000000000010010010010011111111
00000000000000000111101001001100
00000000101000001000101101011001
00000000101000001011101101010001
00000000101000001110101101010011
00000000101000010001101101001111
00000000101000010100101101010001
00000000101000010111101101010011
00000000101000011010101101010100
00000000101000011101101101001101
00000000101000100000101101001101
00000000101000100011101101001001
00000000101000100110101101001001
00000000101000101001101101001001
00000000101000101100101101001010
00000000101000101111101101001101
00000000000000000000000010000001
00000000101000110010101101001100
00000000101000110101101101001111
10000100000000000000001001111111
01000000000010010010010100011111
00000000000000000111110010010101
00000000101000001000110110100100
00000000101000001011110110011100
00000000101000001110110110011011
00000000101000010001110110011011
00000000101000010100110110011010
00000000101000010111110110010101
00000000101000011010110110010001
00000000101000011101110110010001
00000000101000100000110110010001
00000000101000100011110110010011
00000000101000100110110110010110
00000000101000101001110110010011
00000000101000101100110110010100
00000000101000101111110110010001
00000000101000110010110110010001
00000000101000110101110110010000
10000100000000000000001001111111
01000000000010010010010100111111
00000000000000000111101011011001
00000000101000001000101111101001
00000000101000001011101111100000
00000000101000001110101111100000
00000000101000010001101111100001
00000000101000010100101111100101
00000000101000010111101111100111
00000000101000011010101111100011
00000000101000011101101111100011
00000000101000100000101111100011
00000000101000100011101111101000
00000000101000100110101111101000
00000000101000101001101111100111
00000000101000101100101111100111
00000000101000101111101111100101
00000000101000110010101111100010
00000000101000110101101111100001
10000100000000000000001001111111
01000000000010010010010101011111
00000000000000000111110100101010
00000000101000001000111000110100
00000000101000001011111000101111
00000000101000001110111000101100
00000000101000010001111000101100
00000000101000010100111000101100
00000000101000010111111000110000
00000000101000011010111000101011
00000000101000011101111000101101
00000000101000100000111000101011
00000000101000100011111000101011
00000000101000100110111000101000
00000000101000101001111000100111
00000000101000101100111000101011
00000000101000101111111000101001
00000000101000110010111000100111
00000000101000110101111000101001
10000100000000000000001001111111
01000000000010010010010101111111
00000000000000000111101101111000
00000000101000001000110001111000
00000000101000001011110001110101
00000000000000000000000010000001
00000000101000001110110001110000
00000000101000010001110001110001
00000000101000010100110001110000
00000000101000010111110001110001
00000000101000011010110001110011
00000000101000011101110001101101
00000000101000100000110001101111
00000000101000100011110001101101
00000000101000100110110001101111
00000000101000101001110001110100
00000000101000101100110001110011
00000000101000101111110001101111
00000000101000110010110001101100
00000000101000110101110001101001
10000100000000000000001001111111
01000000000010010010010110011111
00000000000000000111100111000101
00000000101000001000101011001101
00000000101000001011101011000011
00000000101000001110101011000000
00000000101000010001101011000000
00000000101000010100101011000001
00000000101000010111101011000000
00000000101000011010101011000010
00000000101000011101101010111100
00000000101000100000101010111111
00000000101000100011101010111101
00000000101000100110101010111111
00000000101000101001101011000101
00000000101000101100101011000011
00000000101000101111101011000101
00000000101000110010101011000011
00000000101000110101101011000001
10000100000000000000001001111111
01000000000010010010010110111111
00000000000000000111110000000101
00000000101000001000110100010001
00000000101000001011110100001011
00000000101000001110110100001100
00000000101000010001110100001001
00000000101000010100110100001011
00000000101000010111110100001001
00000000101000011010110100001001
00000000101000011101110100001011
00000000101000100000110100010000
00000000101000100011110100001111
00000000101000100110110100001011
00000000101000101001110100001101
00000000101000101100110100001000
00000000101000101111110100000111
00000000101000110010110100000111
00000000101000110101110100000101
10000100000000000000001001111111
01000000000010010010010111011111
00000000000000000111101001010001
00000000101000001000101101101001
00000000101000001011101101100000
00000000101000001110101101011111
00000000101000010001101101100001
00000000101000010100101101100100
00000000101000010111101101100001
00000000101000011010101101100011
00000000101000011101101101100001
00000000101000100000101101100000
00000000000000000000000010000001
00000000101000100011101101100000
00000000101000100110101101011011
00000000101000101001101101011000
00000000101000101100101101010111
00000000101000101111101101010101
00000000101000110010101101011100
00000000101000110101101101011101
10000100000000000000001001111111
01000000000010010010010111111111
00000000000000000111110010011100
00000000101000001000110110101001
00000000101000001011110110100101
00000000101000001110110110100101
00000000101000010001110110100100
00000000101000010100110110100001
00000000101000010111110110011111
00000000101000011010110110100001
00000000101000011101110110100100
00000000101000100000110110100100
00000000101000100011110110100101
00000000101000100110110110100001
00000000101000101001110110100000
00000000101000101100110110100001
00000000101000101111110110100011
00000000101000110010110110100101
00000000101000110101110110100101
10000100000000000000001001111111
01000000000010010010011000011111
00000000000000000111101011101111
00000000101000001000101111111001
00000000101000001011101111110000
00000000101000001110101111101110
00000000101000010001101111101101
00000000101000010100101111110000
00000000101000010111101111110011
00000000101000011010101111110011
00000000101000011101101111110011
00000000101000100000101111110101
00000000101000100011101111110100
00000000101000100110101111110101
00000000101000101001101111110101
00000000101000101100101111110111
00000000101000101111101111110111
00000000101000110010101111110111
00000000101000110101101111111000
10000100000000000000001001111111
01000000000010010010011000111111
00000000000000000111110100110101
00000000101000001000111001000001
00000000101000001011111000110111
00000000101000001110111000111000
00000000101000010001111000111001
00000000101000010100111000111010
00000000101000010111111000111101
00000000101000011010111000111100
00000000101000011101111000111100
00000000101000100000111000111100
00000000101000100011111001000001
00000000101000100110111000111111
00000000101000101001111000111101
00000000101000101100111000111011
00000000101000101111111000111111
00000000101000110010111000111001
00000000101000110101111000111101
00000000000000000000000010000001
10000100000000000000001001111111
01000000000010010010011001011111
00000000000000000111101110001000
00000000101000001000110010001001
00000000101000001011110010000000
00000000101000001110110010000011
00000000101000010001110001111111
00000000101000010100110001111111
00000000101000010111110010000000
00000000101000011010110010000001
00000000101000011101110010000100
00000000101000100000110010000000
00000000101000100011110010000001
00000000101000100110110010000001
00000000101000101001110001111111
00000000101000101100110010000000
00000000101000101111110001111101
00000000101000110010110001111111
00000000101000110101110010000010
10000100000000000000001001111111
01000000000010010010011001111111
00000000000000000111100111010001
00000000101000001000101011011010
00000000101000001011101011010110
00000000101000001110101011010011
00000000101000010001101011010001
00000000101000010100101011010101
00000000101000010111101011010011
00000000101000011010101011001101
00000000101000011101101011010000
00000000101000100000101011010001
00000000101000100011101011010011
00000000101000100110101011010000
00000000101000101001101011010010
00000000101000101100101011010000
00000000101000101111101011010000
00000000101000110010101011010010
00000000101000110101101011001111
10000100000000000000001001111111
01000000000010010010011010011111
00000000000000000111110000010110
00000000101000001000110100100100
00000000101000001011110100011100
00000000101000001110110100011011
00000000101000010001110100011001
00000000101000010100110100011101
00000000101000010111110100011011
00000000101000011010110100100000
00000000101000011101110100011101
00000000101000100000110100011001
00000000101000100011110100011101
00000000101000100110110100011001
00000000101000101001110100011000
00000000101000101100110100011010
00000000101000101111110100011101
00000000101000110010110100011011
00000000101000110101110100011101
10000100000000000000001001111111
01000000000010010010011010111111
00000000000000000111101001100101
00000000101000001000101101111011
00000000101000001011101101101111
00000000101000001110101101110001
00000000101000010001101101110100
00000000000000000000000010000001
00000000101000010100101101110001
00000000101000010111101101110010
00000000101000011010101101110011
00000000101000011101101101110000
00000000101000100000101101110001
00000000101000100011101101110011
00000000101000100110101101110011
00000000101000101001101101110001
00000000101000101100101101110000
00000000101000101111101101101111
00000000101000110010101101110001
00000000101000110101101101101101
10000100000000000000001001111111
01000000000010010010011011011111
00000000000000000111110010101111
00000000101000001000110110111111
00000000101000001011110110110110
00000000101000001110110110110011
00000000101000010001110110110000
00000000101000010100110110101101
00000000101000010111110110101111
00000000101000011010110110101111
00000000101000011101110110110001
00000000101000100000110110110001
00000000101000100011110110110001
00000000101000100110110110110100
00000000101000101001110110110100
00000000101000101100110110111011
00000000101000101111110110110111
00000000101000110010110110111000
00000000101000110101110110111011
10000100000000000000001001111111
01000000000010010010011011111111
00000000000000000111101011111101
00000000101000001000110000001001
00000000101000001011110000000100
00000000101000001110110000000011
00000000101000010001110000000011
00000000101000010100110000000001
00000000101000010111101111111101
00000000101000011010101111111111
00000000101000011101110000000000
00000000101000100000110000000011
00000000101000100011110000000101
00000000101000100110110000000111
00000000101000101001110000000100
00000000101000101100110000000001
00000000101000101111110000000000
00000000101000110010101111111111
00000000101000110101101111111100
10000100000000000000001001111111
01000000000010010010011100011111
00000000000000000111110101000011
00000000101000001000111001010011
00000000101000001011111001001011
00000000101000001110111001001011
00000000101000010001111001001101
00000000101000010100111001001000
00000000101000010111111001001001
00000000101000011010111001001000
00000000101000011101111001001100
00000000101000100000111001001000
00000000101000100011111001001001
00000000101000100110111001001011
00000000000000000000000010000001
00000000101000101001111001001100
00000000101000101100111001001101
00000000101000101111111001001111
00000000101000110010111001001111
00000000101000110101111001010001
10000100000000000000001001111111
01000000000010010010011100111111
00000000000000000111101110011010
00000000101000001000110010011000
00000000101000001011110010001111
00000000101000001110110010001111
00000000101000010001110010001101
00000000101000010100110010001101
00000000101000010111110010001111
00000000101000011010110010010001
00000000101000011101110010001110
00000000101000100000110010010000
00000000101000100011110010001111
00000000101000100110110010001011
00000000101000101001110010001001
00000000101000101100110010001011
00000000101000101111110010001001
00000000101000110010110010001111
00000000101000110101110010010100
10000100000000000000001001111111
01000000000010010010011101011111
00000000000000000111100111011101
00000000101000001000101011101011
00000000101000001011101011100100
00000000101000001110101011100010
00000000101000010001101011100011
00000000101000010100101011100101
00000000101000010111101011100000
00000000101000011010101011011111
00000000101000011101101011101000
00000000101000100000101011101001
00000000101000100011101011100111
00000000101000100110101011100101
00000000101000101001101011100010
00000000101000101100101011011111
00000000101000101111101011011101
00000000101000110010101011011111
00000000101000110101101011011111
10000100000000000000001001111111
01000000000010010010011101111111
00000000000000000111110000101011
00000000101000001000110100110101
00000000101000001011110100101100
00000000101000001110110100110000
00000000101000010001110100110001
00000000101000010100110100101111
00000000101000010111110100101101
00000000101000011010110100101100
00000000101000011101110100101001
00000000101000100000110100100100
00000000101000100011110100100111
00000000101000100110110100100011
00000000101000101001110100100100
00000000101000101100110100101001
00000000101000101111110100100111
00000000101000110010110100101110
00000000101000110101110100110001
10000100000000000000001001111111
01000000000010010010011110011111
00000000000000000000000010000001
00000000000000000111101001110100
00000000101000001000101110000101
00000000101000001011101101111011
00000000101000001110101101111100
00000000101000010001101101111101
00000000101000010100101110000000
00000000101000010111101110000001
00000000101000011010101101111101
00000000101000011101101110000001
00000000101000100000101110000011
00000000101000100011101110000011
00000000101000100110101101111111
00000000101000101001101110000001
00000000101000101100101110000001
00000000101000101111101101111101
00000000101000110010101101111101
00000000101000110101101101111111
10000100000000000000001001111111
01000000000010010010011110111111
00000000000000000111110010111100
00000000101000001000110111010000
00000000101000001011110111000101
00000000101000001110110111000100
00000000101000010001110111000000
00000000101000010100110110111101
00000000101000010111110110111111
00000000101000011010110111000000
00000000101000011101110111000001
00000000101000100000110111000000
00000000101000100011110111000001
00000000101000100110110110111111
00000000101000101001110111000000
00000000101000101100110111000001
00000000101000101111110111000011
00000000101000110010110111000100
00000000101000110101110111000100
10000100000000000000001001111111
01000000000010010010011111011111
00000000000000000111101100001000
00000000101000001000110000010001
00000000101000001011110000001011
00000000101000001110110000010000
00000000101000010001110000001011
00000000101000010100110000001011
00000000101000010111110000001011
00000000101000011010110000001001
00000000101000011101110000001101
00000000101000100000110000001101
00000000101000100011110000001101
00000000101000100110110000001100
00000000101000101001110000001011
00000000101000101100110000001011
00000000101000101111110000001101
00000000101000110010110000001101
00000000101000110101110000001001
10000100000000000000001001111111
01000000000010010010011111111111
00000000000000000111110101011011
00000000101000001000111001100101
00000000101000001011111001011011
00000000101000001110111001011100
00000000101000010001111001011001
00000000101000010100111001011001
00000000101000010111111001011011
00000000000000000000000010000001
00000000101000011010111001011011
00000000101000011101111001011010
00000000101000100000111001011011
00000000101000100011111001011110
00000000101000100110111001011011
00000000101000101001111001011110
00000000101000101100111001011000
00000000101000101111111001010111
00000000101000110010111001011000
00000000101000110101111001011000
10000100000000000000001001111111
01000000000010010010100000011111
00000000000000000111101110101111
00000000101000001000110010100111
00000000101000001011110010100000
00000000101000001110110010011111
00000000101000010001110010011111
00000000101000010100110010011111
00000000101000010111110010011111
00000000101000011010110010011100
00000000101000011101110010011100
00000000101000100000110010011100
00000000101000100011110010011111
00000000101000100110110010100001
00000000101000101001110010100101
00000000101000101100110010100101
00000000101000101111110010100100
00000000101000110010110010100100
00000000101000110101110010100001
10000100000000000000001001111111
01000000000010010010100000111111
00000000000000000111100111101111
00000000101000001000101011111000
00000000101000001011101011110001
00000000101000001110101011110000
00000000101000010001101011101111
00000000101000010100101011101111
00000000101000010111101011110001
00000000101000011010101011101111
00000000101000011101101011101111
00000000101000100000101011101111
00000000101000100011101011110000
00000000101000100110101011110001
00000000101000101001101011110011
00000000101000101100101011110001
00000000101000101111101011101111
00000000101000110010101011101111
00000000101000110101101011110000
10000100000000000000001001111111
01000000000010010010100001011111
00000000000000000111110000110001
00000000101000001000110101000101
00000000101000001011110101000000
00000000101000001110110100111011
00000000101000010001110100111011
00000000101000010100110100111101
00000000101000010111110100111111
00000000101000011010110101000000
00000000101000011101110100111111
00000000101000100000110101000000
00000000101000100011110100111101
00000000101000100110110100111011
00000000101000101001110100110111
00000000101000101100110100111000
00000000000000000000000010000001
00000000101000101111110100111101
00000000101000110010110100111101
00000000101000110101110101000000
10000100000000000000001001111111
01000000000010010010100001111111
00000000000000000111101010000011
00000000101000001000101110010111
00000000101000001011101110010000
00000000101000001110101110001100
00000000101000010001101110001101
00000000101000010100101110001001
00000000101000010111101110001011
00000000101000011010101110001100
00000000101000011101101110001101
00000000101000100000101110001011
00000000101000100011101110001001
00000000101000100110101110001001
00000000101000101001101110010001
00000000101000101100101110010100
00000000101000101111101110010011
00000000101000110010101110010011
00000000101000110101101110010100
10000100000000000000001001111111
01000000000010010010100010011111
00000000000000000111110011001111
00000000101000001000110111011100
00000000101000001011110111010101
00000000101000001110110111010100
00000000101000010001110111010100
00000000101000010100110111010011
00000000101000010111110111010000
00000000101000011010110111001111
00000000101000011101110111010001
00000000101000100000110111010011
00000000101000100011110111010011
00000000101000100110110111010101
00000000101000101001110111010101
00000000101000101100110111010011
00000000101000101111110111010001
00000000101000110010110111010101
00000000101000110101110111011000
10000100000000000000001001111111
01000000000010010010100010111111
00000000000000000111101100100010
00000000101000001000110000100101
00000000101000001011110000011101
00000000101000001110110000011011
00000000101000010001110000100000
00000000101000010100110000100001
00000000101000010111110000011100
00000000101000011010110000011101
00000000101000011101110000011111
00000000101000100000110000100001
00000000101000100011110000011101
00000000101000100110110000100001
00000000101000101001110000100001
00000000101000101100110000011111
00000000101000101111110000100000
00000000101000110010110000100011
00000000101000110101110000100000
10000100000000000000001001111111
01000000000010010010100011011111
00000000000000000111110101101000
00000000101000001000111001110001
00000000000000000000000010000001
00000000101000001011111001101100
00000000101000001110111001110001
00000000101000010001111001110011
00000000101000010100111001101111
00000000101000010111111001101110
00000000101000011010111001101111
00000000101000011101111001101011
00000000101000100000111001101010
00000000101000100011111001101001
00000000101000100110111001101000
00000000101000101001111001101000
00000000101000101100111001100100
00000000101000101111111001100101
00000000101000110010111001100100
00000000101000110101111001100011
10000100000000000000001001111111
01000000000010010010100011111111
00000000000000000111101110111000
00000000101000001000110010111001
00000000101000001011110010101110
00000000101000001110110010110000
00000000101000010001110010101101
00000000101000010100110010110011
00000000101000010111110010101101
00000000101000011010110010110000
00000000101000011101110010101101
00000000101000100000110010101101
00000000101000100011110010101110
00000000101000100110110010101101
00000000101000101001110010101100
00000000101000101100110010110000
00000000101000101111110010101111
00000000101000110010110010101111
00000000101000110101110010110000
10000100000000000000001001111111
01000000000010010010100100011111
00000000000000000111100111111000
00000000101000001000101100000111
00000000101000001011101011111101
00000000101000001110101100000000
00000000101000010001101100000010
00000000101000010100101100000011
00000000101000010111101100000011
00000000101000011010101011111111
00000000101000011101101100000011
00000000101000100000101011111111
00000000101000100011101100000001
00000000101000100110101100000011
00000000101000101001101100000001
00000000101000101100101100000100
00000000101000101111101100000001
00000000101000110010101100000011
00000000101000110101101100000010
10000100000000000000001001111111
01000000000010010010100100111111
00000000000000000111110001000111
00000000101000001000110101010101
00000000101000001011110101001111
00000000101000001110110101001101
00000000101000010001110101001111
00000000101000010100110101001011
00000000101000010111110101001100
00000000101000011010110101000110
00000000101000011101110101000101
00000000000000000000000010000001
00000000101000100000110101000111
00000000101000100011110101001001
00000000101000100110110101001100
00000000101000101001110101001001
00000000101000101100110101001011
00000000101000101111110101001101
00000000101000110010110101010001
00000000101000110101110101010000
10000100000000000000001001111111
01000000000010010010100101011111
00000000000000000111101010011000
00000000101000001000101110101001
00000000101000001011101110100011
00000000101000001110101110100001
00000000101000010001101110100001
00000000101000010100101110100001
00000000101000010111101110100000
00000000101000011010101110011111
00000000101000011101101110011101
00000000101000100000101110011011
00000000101000100011101110011011
00000000101000100110101110011011
00000000101000101001101110011111
00000000101000101100101110100011
00000000101000101111101110100011
00000000101000110010101110011101
00000000101000110101101110011111
10000100000000000000001001111111
01000000000010010010100101111111
00000000000000000111110011101000
00000000101000001000110111110101
00000000101000001011110111101010
00000000101000001110110111100101
00000000101000010001110111100101
00000000101000010100110111100100
00000000101000010111110111100101
00000000101000011010110111100011
00000000101000011101110111100010
00000000101000100000110111101001
00000000101000100011110111100101
00000000101000100110110111100100
00000000101000101001110111100100
00000000101000101100110111100111
00000000101000101111110111100100
00000000101000110010110111100101
00000000101000110101110111100011
10000100000000000000001001111111
01000000000010010010100110011111
00000000000000000111101100110000
00000000101000001000110000110101
00000000101000001011110000110000
00000000101000001110110000110001
00000000101000010001110000110001
00000000101000010100110000110011
00000000101000010111110000110001
00000000101000011010110000101011
00000000101000011101110000101001
00000000101000100000110000101001
00000000101000100011110000101000
00000000101000100110110000100101
00000000101000101001110000101001
00000000101000101100110000100101
00000000101000101111110000101000
00000000101000110010110000101011
00000000000000000000000010000001
00000000101000110101110000101011
10000100000000000000001001111111
01000000000010010010100110111111
00000000000000000111110101111000
00000000101000001000111010000001
00000000101000001011111001111011
00000000101000001110111001111011
00000000101000010001111001111011
00000000101000010100111001111001
00000000101000010111111001111001
00000000101000011010111001111011
00000000101000011101111001111011
00000000101000100000111001111101
00000000101000100011111001111100
00000000101000100110111001111011
00000000101000101001111001111000
00000000101000101100111001111100
00000000101000101111111001111011
00000000101000110010111001111001
00000000101000110101111001111010
10000100000000000000001001111111
01000000000010010010100111011111
00000000000000000111101111000101
00000000101000001000110011000111
00000000101000001011110011000000
00000000101000001110110010111101
00000000101000010001110011000000
00000000101000010100110010111111
00000000101000010111110011000110
00000000101000011010110010111111
00000000101000011101110011000101
00000000101000100000110011000100
00000000101000100011110011000100
00000000101000100110110011000001
00000000101000101001110011000001
00000000101000101100110010111011
00000000101000101111110010111100
00000000101000110010110010111100
00000000101000110101110010111011
10000100000000000000001001111111
01000000000010010010100111111111
00000000000000000111101000010001
00000000101000001000101100011001
00000000101000001011101100010001
00000000101000001110101100001101
00000000101000010001101100001111
00000000101000010100101100010001
00000000101000010111101100010100
00000000101000011010101100010101
00000000101000011101101100010001
00000000101000100000101100010001
00000000101000100011101100001101
00000000101000100110101100001101
00000000101000101001101100001101
00000000101000101100101100010011
00000000101000101111101100010100
00000000101000110010101100010011
00000000101000110101101100010011
10000100000000000000001001111111
01000000000010010010101000011111
00000000000000000111110001001111
00000000101000001000110101100001
00000000101000001011110101011101
00000000101000001110110101011011
00000000000000000000000010000001
00000000101000010001110101011101
00000000101000010100110101011100
00000000101000010111110101011101
00000000101000011010110101011011
00000000101000011101110101100000
00000000101000100000110101011100
00000000101000100011110101011011
00000000101000100110110101011011
00000000101000101001110101100011
00000000101000101100110101011111
00000000101000101111110101011001
00000000101000110010110101011011
00000000101000110101110101011111
10000100000000000000001001111111
01000000000010010010101000111111
00000000000000000111101010101000
00000000101000001000101110110101
00000000101000001011101110101101
00000000101000001110101110101100
00000000101000010001101110101101
00000000101000010100101110101100
00000000101000010111101110101111
00000000101000011010101110101011
00000000101000011101101110101101
00000000101000100000101110101101
00000000101000100011101110110001
00000000101000100110101110110011
00000000101000101001101110101111
00000000101000101100101110110011
00000000101000101111101110110001
00000000101000110010101110110000
00000000101000110101101110101011
10000100000000000000001001111111
01000000000010010010101001011111
00000000000000000111110011110000
00000000101000001000110111111111
00000000101000001011110111111000
00000000101000001110110111110011
00000000101000010001110111110101
00000000101000010100110111110001
00000000101000010111110111110000
00000000101000011010110111110101
00000000101000011101110111110100
00000000101000100000110111110001
00000000101000100011110111110111
00000000101000100110110111110011
00000000101000101001110111110011
00000000101000101100110111110001
00000000101000101111110111110101
00000000101000110010110111110011
00000000101000110101110111110011
10000100000000000000001001111111
01000000000010010010101001111111
00000000000000000111101101000100
00000000101000001000110001000011
00000000101000001011110000111011
00000000101000001110110000110101
00000000101000010001110000110111
00000000101000010100110000110111
00000000101000010111110000111000
00000000101000011010110000111011
00000000101000011101110000111000
00000000101000100000110000110111
00000000101000100011110000111001
00000000000000000000000001011101
